# This file may be used to create an environment using:
# $ conda create --name <env> --file <this file>
# platform: win-64
bzip2=1.0.8=h8ffe710_4
ca-certificates=2021.10.8=h5b45459_0
certifi=2021.10.8=pypi_0
cffi=1.15.0=py39h2bbff1b_1
charset-normalizer=2.0.12=pypi_0
click=8.0.4=py39haa95532_0
colorama=0.4.4=pyhd3eb1b0_0
cryptography=36.0.0=py39h21b164f_0
dataclasses=0.8=pyh6d0b6a4_7
dlib=19.24.0=py39hf8509d4_0
dnspython=2.2.1=pyhd8ed1ab_0
ecdsa=0.17.0=pypi_0
email-validator=1.1.3=pyhd3eb1b0_0
enum34=1.1.10=pypi_0
face_recognition=1.3.0=pyhd3deb0d_2
face_recognition_models=0.3.0=pyh9f0ad1d_0
flask=2.0.3=pyhd3eb1b0_0
flask-wtf=0.15.1=pyhd3eb1b0_0
freetype=2.10.4=h546665d_1
gunicorn=20.1.0=pypi_0
idna=3.3=pyhd3eb1b0_0
intel-openmp=2022.0.0=h57928b3_3663
itsdangerous=2.0.1=pyhd3eb1b0_0
jbig=2.1=h8d14728_2003
jinja2=3.0.3=pyhd3eb1b0_0
jpeg=9e=h8ffe710_1
lcms2=2.12=h2a16943_0
lerc=3.0=h0e60522_0
libblas=3.9.0=14_win64_mkl
libcblas=3.9.0=14_win64_mkl
libdeflate=1.10=h8ffe710_0
libffi=3.4.2=h8ffe710_5
liblapack=3.9.0=14_win64_mkl
libpng=1.6.37=h1d00b33_2
libtiff=4.3.0=hc4061b1_3
libwebp=1.2.2=h57928b3_0
libwebp-base=1.2.2=h8ffe710_1
libxcb=1.13=hcd874cb_1004
libzlib=1.2.11=h8ffe710_1014
lz4-c=1.9.3=h8ffe710_1
m2w64-gcc-libgfortran=5.3.0=6
m2w64-gcc-libs=5.3.0=7
m2w64-gcc-libs-core=5.3.0=7
m2w64-gmp=6.1.0=2
m2w64-libwinpthread-git=5.0.0.4634.697f757=2
markupsafe=2.0.1=py39h2bbff1b_0
mkl=2022.0.0=h0e2418a_796
msys2-conda-epoch=20160418=1
numpy=1.22.3=py39h0948cea_2
openjpeg=2.4.0=hb211442_1
openssl=3.0.3=h8ffe710_0
opentok=3.2.0=pypi_0
pillow=9.1.0=py39ha53f419_2
pip=22.1=pyhd8ed1ab_0
pthread-stubs=0.4=hcd874cb_1001
pyasn1=0.4.8=pypi_0
pycparser=2.21=pyhd3eb1b0_0
python=3.9.12=hcf16a7b_1_cpython
python-jose=3.3.0=pypi_0
python_abi=3.9=2_cp39
pytz=2022.1=pypi_0
requests=2.27.1=pypi_0
rsa=4.0=pypi_0
setuptools=62.2.0=py39hcbf5309_0
six=1.16.0=pypi_0
sqlite=3.38.5=h8ffe710_0
tbb=2021.5.0=h2d74725_1
tk=8.6.12=h8ffe710_0
tzdata=2022a=h191b570_0
ucrt=10.0.20348.0=h57928b3_0
urllib3=1.26.9=pypi_0
vc=14.2=hb210afc_6
vs2015_runtime=14.29.30037=h902a5da_6
werkzeug=2.0.3=pyhd3eb1b0_0
wheel=0.37.1=pyhd8ed1ab_0
wtforms=2.3.3=pyhd3eb1b0_0
xorg-libxau=1.0.9=hcd874cb_0
xorg-libxdmcp=1.1.3=hcd874cb_0
xz=5.2.5=h62dcd97_1
zlib=1.2.11=h8ffe710_1014
zstd=1.5.2=h6255e5f_0
